[gd_scene load_steps=29 format=3 uid="uid://di36115wfkt1b"]

[ext_resource type="Script" path="res://src/location/Location.cs" id="1_rvnvd"]
[ext_resource type="PackedScene" uid="uid://b8k5dvbyre3dk" path="res://scenes/swamp/swamp_geometry.tscn" id="3_h4bbn"]
[ext_resource type="PackedScene" uid="uid://cym8rjgnfv6jw" path="res://scenes/persistent/portals/portal.tscn" id="4_mscds"]
[ext_resource type="PackedScene" path="res://resources/locations/swamp/tree_1/tree_1_static_body.tscn" id="4_wpwhh"]
[ext_resource type="PackedScene" path="res://resources/locations/swamp/tree_2/tree_2_static_body.tscn" id="5_114nx"]
[ext_resource type="PackedScene" path="res://resources/locations/swamp/tree_3/tree_3_static_body.tscn" id="6_75fxr"]
[ext_resource type="PackedScene" uid="uid://cwvwa1jr52ig7" path="res://scenes/dungeon_leash/nards/nards.tscn" id="6_kmpqh"]
[ext_resource type="PackedScene" path="res://resources/locations/swamp/tree_p/tree_p_static_body.tscn" id="7_2s7wk"]
[ext_resource type="PackedScene" path="res://resources/locations/swamp/vines_1/vines_1.tscn" id="10_m0jkx"]
[ext_resource type="PackedScene" path="res://resources/locations/swamp/vines_2/vines_2.tscn" id="11_3lasp"]
[ext_resource type="PackedScene" uid="uid://c47ht56frhtwi" path="res://scenes/dungeon_leash/anomaly_cube/anomaly_cube_prop.tscn" id="12_kq5fs"]
[ext_resource type="PackedScene" uid="uid://cdaqwrjcqiye1" path="res://scenes/persistent/tools/fucking_tool/fucking_tool_prop.tscn" id="12_s7keh"]
[ext_resource type="PackedScene" uid="uid://b2t4hssiolh1t" path="res://scenes/persistent/fingers/finger_prop.tscn" id="13_1x0o5"]
[ext_resource type="PackedScene" uid="uid://cs3gpdvx6r8g0" path="res://scenes/dungeon_leash/saving_flower/saving_flower.tscn" id="13_3un1p"]
[ext_resource type="PackedScene" uid="uid://g6sv42td8cr1" path="res://scenes/swamp/shrooms/pear_shroom_1.tscn" id="14_8wmwy"]
[ext_resource type="PackedScene" uid="uid://lbqtyqj081h0" path="res://scenes/swamp/shrooms/disc_shroom_1.tscn" id="15_0qo5j"]
[ext_resource type="PackedScene" uid="uid://dagm07uqes3sw" path="res://scenes/dungeon_leash/lighter.tscn" id="16_0v5sm"]
[ext_resource type="PackedScene" path="res://resources/locations/swamp/cookerfire/cookerfire_static_body.tscn" id="17_ovy3j"]
[ext_resource type="PackedScene" uid="uid://cxeocpxg8ccb4" path="res://scenes/effects/fire.tscn" id="18_1vsui"]
[ext_resource type="PackedScene" path="res://resources/locations/swamp/dungeon_enter/dungeon_enter_static_body.tscn" id="19_dny1g"]
[ext_resource type="Script" path="res://src/utils/HookesConnector.cs" id="21_yhgnv"]
[ext_resource type="PackedScene" uid="uid://bfa3r5f05xrfc" path="res://resources/locations/swamp/lock/lock_static_body.tscn" id="22_p3pcr"]
[ext_resource type="PackedScene" path="res://resources/locations/swamp/dungeon_enter/dungeon_enter_door_rigid_body.tscn" id="22_q7kby"]
[ext_resource type="Script" path="res://src/objects/locations/swamp/DoorLock.cs" id="24_vq4jk"]
[ext_resource type="PackedScene" path="res://resources/locations/dungeon_leash/geometry/room_1_static_body.tscn" id="25_52ntw"]
[ext_resource type="PackedScene" path="res://resources/locations/dungeon_sewer/geometry/room_1_static_body.tscn" id="26_8u0ec"]

[sub_resource type="Environment" id="Environment_qpcki"]
background_mode = 1
background_energy_multiplier = 0.0
ambient_light_energy = 0.49
ssr_fade_in = 0.109806
ssr_fade_out = 2.73208
ssr_depth_tolerance = 25.81
ssao_enabled = true
ssao_radius = 0.29
ssao_intensity = 16.0
ssao_power = 0.430761
ssao_detail = 2.74
ssao_horizon = 0.0
ssao_sharpness = 1.0
ssao_light_affect = 1.0
ssao_ao_channel_affect = 1.0
ssil_radius = 4.05
ssil_intensity = 2.34
ssil_sharpness = 0.0
sdfgi_read_sky_light = false
sdfgi_cascades = 8
sdfgi_min_cell_size = 0.104004
sdfgi_cascade0_distance = 6.65625
sdfgi_max_distance = 1704.0
sdfgi_energy = 5.175
fog_light_color = Color(0.950729, 0.96195, 0.975075, 1)
fog_light_energy = 1.34
fog_sun_scatter = 0.02
fog_density = 0.0083
fog_sky_affect = 0.0
fog_height = 0.26
fog_height_density = 0.061
volumetric_fog_enabled = true
volumetric_fog_density = 0.1131
volumetric_fog_albedo = Color(0.556863, 0.898039, 0.835294, 1)
volumetric_fog_emission_energy = 173.46
volumetric_fog_gi_inject = 0.82
volumetric_fog_length = 10.11
volumetric_fog_detail_spread = 2.19613
volumetric_fog_ambient_inject = 0.54
adjustment_enabled = true
adjustment_brightness = 1.33
adjustment_contrast = 1.33
adjustment_saturation = 0.5

[sub_resource type="BoxShape3D" id="BoxShape3D_s7pjl"]
size = Vector3(1, 0.211914, 1.52124)

[node name="swamp_location" type="Node3D"]
script = ExtResource("1_rvnvd")
PlayerSpawners = [NodePath("PlayerSpawner")]

[node name="WorldEnvironment" type="WorldEnvironment" parent="."]
environment = SubResource("Environment_qpcki")

[node name="swamp_geometry" parent="." instance=ExtResource("3_h4bbn")]
transform = Transform3D(0.68, 0, 0, 0, 0.68, 0, 0, 0, 0.68, 0, 0, 0)

[node name="tree_1_static_body" parent="." instance=ExtResource("4_wpwhh")]
transform = Transform3D(0.78011, -0.4739, -0.982666, 0.101189, 1.23427, -0.514906, 1.08627, 0.225359, 0.753673, -6.76312, -3.42062, 1.23841)

[node name="PlayerSpawner" type="Node3D" parent="."]
transform = Transform3D(1, 0, 0, 0, 1, 0, 0, 0, 1, -9.66947, -3.05128, 20.9647)

[node name="Portal" parent="." node_paths=PackedStringArray("OtherPortal") instance=ExtResource("4_mscds")]
process_physics_priority = 1
transform = Transform3D(0.0929186, 0, 1.66458, 0, 1.66717, 0, -1.66458, 0, 0.0929186, -5.36915, -3.6223, 21.6318)
OtherPortal = NodePath("../Node3D/Portal2")
CullLayer = 2

[node name="Portal2" parent="." node_paths=PackedStringArray("OtherPortal") instance=ExtResource("4_mscds")]
process_physics_priority = 1
transform = Transform3D(-0.0929187, 0, -1.66458, 0, 1.66717, 0, 1.66458, 0, -0.0929187, -14.0365, -3.6223, 21.148)
OtherPortal = NodePath("../Node3D2/Portal3")
CullLayer = 2

[node name="vines_1" parent="." instance=ExtResource("10_m0jkx")]
transform = Transform3D(0.582273, 0, 0.331449, 0, 0.67, 0, -0.331449, 0, 0.582273, -3.74239, 4.98322, 2.20406)

[node name="vines_2" parent="." instance=ExtResource("11_3lasp")]
transform = Transform3D(0.854704, 0, -0.519116, 0, 1, 0, 0.519116, 0, 0.854704, -6.13191, 5.88839, 7.48456)

[node name="tree_2_static_body" parent="." instance=ExtResource("5_114nx")]
transform = Transform3D(0.895588, -0.444885, 0, 0.444885, 0.895588, 0, 0, 0, 1, 5.22672, -0.344062, 8.70159)

[node name="tree_3_static_body" parent="." instance=ExtResource("6_75fxr")]
transform = Transform3D(0.992161, -0.12497, 0, 0.12497, 0.992161, 0, 0, 0, 1, 4.38524, -2.10174, 0.373818)

[node name="tree_2_static_body2" parent="." instance=ExtResource("5_114nx")]
transform = Transform3D(1, 0, 0, 0, 1, 0, 0, 0, 1, -1.20971, -2.49439, 3.80739)

[node name="tree_1_static_body2" parent="." instance=ExtResource("4_wpwhh")]
transform = Transform3D(1, 0, 0, 0, 1, 0, 0, 0, 1, -11.5305, -6.15416, 10.3921)

[node name="tree_2_static_body3" parent="." instance=ExtResource("5_114nx")]
transform = Transform3D(1, 0, 0, 0, 1, 0, 0, 0, 1, -6.55836, -6.51408, 12.0079)

[node name="tree_p_static_body" parent="." instance=ExtResource("7_2s7wk")]
transform = Transform3D(-0.0935904, -0.102983, 0.99027, 0.102455, 0.988359, 0.112467, -0.990325, 0.111984, -0.0819499, -6.20626, -6.70448, 5.92896)

[node name="tree_3_static_body2" parent="." instance=ExtResource("6_75fxr")]
transform = Transform3D(1, 0, 0, 0, 1, 0, 0, 0, 1, -13.3302, -4.57482, 1.30633)

[node name="NardsPropInstance2" parent="." instance=ExtResource("6_kmpqh")]
transform = Transform3D(1, 0, 0, 0, 1, 0, 0, 0, 1, -2.16981, -0.256524, 2.8754)

[node name="FuckingToolInstance" parent="." instance=ExtResource("12_s7keh")]
transform = Transform3D(1, 0, 0, 0, 1, 0, 0, 0, 1, 0.225382, -0.767021, 3.49294)

[node name="FuckingToolInstance2" parent="." instance=ExtResource("12_s7keh")]
transform = Transform3D(1, 0, 0, 0, 1, 0, 0, 0, 1, -2.8388, -0.148706, 2.8268)

[node name="anomaly_cube_prop" parent="." instance=ExtResource("12_kq5fs")]
transform = Transform3D(1, 0, 0, 0, 1, 0, 0, 0, 1, 6.29165, 0.550394, 3.91461)

[node name="anomaly_cube_prop2" parent="." instance=ExtResource("12_kq5fs")]
transform = Transform3D(1, 0, 0, 0, 1, 0, 0, 0, 1, -2.04015, 0.173701, 4.12165)

[node name="anomaly_cube_prop3" parent="." instance=ExtResource("12_kq5fs")]
transform = Transform3D(1, 0, 0, 0, 1, 0, 0, 0, 1, 6.73251, 1.00963, 5.28525)

[node name="finger_prop" parent="." instance=ExtResource("13_1x0o5")]
transform = Transform3D(1, 0, 0, 0, 1, 0, 0, 0, 1, -1.59625, 0.0768556, 2.49497)

[node name="saving_flower_static_body" parent="." instance=ExtResource("13_3un1p")]
transform = Transform3D(-4.37114e-08, 0, -1, 0, 1, 0, 1, 0, -4.37114e-08, 1.76791, -1.89539, 4.57007)

[node name="pear_shroom_1" parent="." instance=ExtResource("14_8wmwy")]
transform = Transform3D(0.831101, -0.550623, 0.0780123, 0.556122, 0.822883, -0.116586, 0, 0.140279, 0.990112, 1.06534, -1.16639, -3.28378)

[node name="pear_shroom_2" parent="." instance=ExtResource("14_8wmwy")]
transform = Transform3D(1, 0, 0, 0, 1, 0, 0, 0, 1, 6.81025, 1.79262, -16.4051)

[node name="pear_shroom_3" parent="." instance=ExtResource("14_8wmwy")]
transform = Transform3D(1, 0, 0, 0, 0.81641, 0.577473, 0, -0.577473, 0.81641, 1.30296, 2.19753, -24.078)

[node name="pear_shroom_4" parent="." instance=ExtResource("14_8wmwy")]
transform = Transform3D(1, 0, 0, 0, 0.73651, -0.676426, 0, 0.676426, 0.73651, 2.0401, 2.39757, -32.6711)

[node name="pear_shroom_5" parent="." instance=ExtResource("14_8wmwy")]
transform = Transform3D(0.940688, 0.33175, -0.071048, 0.286794, -0.665674, 0.688932, 0.181258, -0.668447, -0.721335, -5.9242, 6.12141, -22.3675)

[node name="pear_shroom_6" parent="." instance=ExtResource("14_8wmwy")]
transform = Transform3D(-0.949058, 3.72529e-09, -0.315103, 0.0461834, -0.989201, -0.1391, -0.3117, -0.146566, 0.938809, -6.09788, 8.93362, -39.0076)

[node name="pear_shroom_7" parent="." instance=ExtResource("14_8wmwy")]
transform = Transform3D(-0.0736434, 0.702029, 0.708331, -0.725505, -0.525042, 0.444942, 0.684265, -0.481131, 0.547992, -12.9789, 7.09766, -34.08)

[node name="disc_shroom_1" parent="." instance=ExtResource("15_0qo5j")]
transform = Transform3D(0.960269, -0.279075, 0, 0.279075, 0.960269, 0, 0, 0, 1, 4.76884, 0.0701462, 6.22355)

[node name="disc_shroom_2" parent="." instance=ExtResource("15_0qo5j")]
transform = Transform3D(1, 0, 0, 0, 1, 0, 0, 0, 1, -5.08541, -0.893698, -28.9584)

[node name="disc_shroom_3" parent="." instance=ExtResource("15_0qo5j")]
transform = Transform3D(1, 0, 0, 0, 1, 0, 0, 0, 1, 11.2179, 1.13148, -26.321)

[node name="lighter" parent="." instance=ExtResource("16_0v5sm")]
transform = Transform3D(0.709608, 0, 0.704597, 0, 1, 0, -0.704597, 0, 0.709608, -0.562052, 0.272897, 0.395108)

[node name="lighter2" parent="." instance=ExtResource("16_0v5sm")]
transform = Transform3D(-0.109977, -0.494274, 0.862322, 0.000296738, -0.867601, -0.497262, 0.993934, -0.0544316, 0.095563, 2.37435, 4.50334, -8.90995)

[node name="cookerfire_static_body" parent="." instance=ExtResource("17_ovy3j")]
transform = Transform3D(0.989037, 0.00521547, -0.147579, -0.00515881, 0.999986, 0.000766728, 0.147581, 3.00258e-06, 0.98905, -9.43273, -1.30515, -34.016)

[node name="fire" parent="cookerfire_static_body" instance=ExtResource("18_1vsui")]
transform = Transform3D(0.709193, -0.0242822, 0.704597, 0.0342192, 0.999414, -3.72529e-09, -0.704184, 0.0241108, 0.709608, -0.0559307, 0.867465, 0.0404768)

[node name="dungeon_enter_static_body" parent="." instance=ExtResource("19_dny1g")]
transform = Transform3D(0.0644458, 0, 0.997922, 0, 1, 0, -0.997922, 0, 0.0644458, -9.44719, -5.38071, 16.5328)

[node name="lighter3" parent="." instance=ExtResource("16_0v5sm")]
transform = Transform3D(-0.995118, 0, 0.0986945, 0, 1, 0, -0.0986945, 0, -0.995118, -8.60684, -2.28097, 16.3855)

[node name="lighter4" parent="." instance=ExtResource("16_0v5sm")]
transform = Transform3D(0.996376, -0.0841206, -0.0126085, -0.0551123, -0.525533, -0.848986, 0.0647911, 0.846604, -0.528265, -9.98712, -2.59383, 23.4294)

[node name="anomaly_cube_prop4" parent="." instance=ExtResource("12_kq5fs")]
transform = Transform3D(1, 0, 0, 0, 1, 0, 0, 0, 1, -10.3618, -4.68422, 18.1967)

[node name="anomaly_cube_prop5" parent="." instance=ExtResource("12_kq5fs")]
transform = Transform3D(1, 0, 0, 0, 1, 0, 0, 0, 1, -9.16114, -4.74458, 18.067)

[node name="door_target_2" type="Node3D" parent="."]
transform = Transform3D(-0.674482, -0.0276949, 0.737772, 0.0186875, -0.999617, -0.0204405, 0.738055, 7.10178e-07, 0.67474, -8.30317, -2.23059, 21.3268)

[node name="door_target" type="Node3D" parent="."]
transform = Transform3D(0.0276948, -0.994262, -0.103326, 0.999617, 0.0275463, 0.00286269, -4.47035e-08, -0.103365, 0.994643, -6.86915, -3.66036, 21.4799)

[node name="door_connector" type="Node3D" parent="." node_paths=PackedStringArray("Target", "Body")]
transform = Transform3D(0.0276948, -0.994262, -0.103326, 0.999617, 0.0275463, 0.00286269, -4.47035e-08, -0.103365, 0.994643, -6.86915, -3.66036, 21.4799)
script = ExtResource("21_yhgnv")
Target = NodePath("../door_target")
Body = NodePath("../dungeon_enter_door_rigid_body")
linearSpringStiffness = 100.0
maxLinearForce = 50.0
angularSpringStiffness = 200.0

[node name="dungeon_enter_door_rigid_body" parent="." instance=ExtResource("22_q7kby")]
transform = Transform3D(0.0276948, -0.994262, -0.103326, 0.999617, 0.0275463, 0.00286269, -4.47035e-08, -0.103365, 0.994643, -6.86915, -3.66036, 21.4799)

[node name="door2_target" type="Node3D" parent="."]
transform = Transform3D(0.0276948, 0.995533, 0.090268, 0.999617, -0.0275818, -0.002501, -4.46497e-08, 0.090302, -0.995914, -12.5926, -3.50179, 21.1195)

[node name="door2_target2" type="Node3D" parent="."]
transform = Transform3D(-0.995533, 0.0276949, 0.090268, 0.0275816, 0.999617, -0.002501, -0.0903027, -7.7486e-07, -0.995914, -10.8282, -2.20819, 21.2762)

[node name="dungeon_enter_door_rigid_body2" parent="." instance=ExtResource("22_q7kby")]
transform = Transform3D(0.0276948, 0.995533, 0.090268, 0.999617, -0.0275818, -0.002501, -4.46497e-08, 0.090302, -0.995914, -12.5926, -3.50179, 21.1195)

[node name="door_connector2" type="Node3D" parent="." node_paths=PackedStringArray("Target", "Body")]
transform = Transform3D(0.0276948, -0.994262, -0.103326, 0.999617, 0.0275463, 0.00286269, -4.47035e-08, -0.103365, 0.994643, -6.86915, -3.66036, 21.4799)
script = ExtResource("21_yhgnv")
Target = NodePath("../door2_target")
Body = NodePath("../dungeon_enter_door_rigid_body2")
linearSpringStiffness = 100.0
maxLinearForce = 50.0
angularSpringStiffness = 200.0

[node name="lock_static_body" parent="." instance=ExtResource("22_p3pcr")]
transform = Transform3D(-0.423607, -0.897307, 0.124083, 0.0254918, 0.125117, 0.991814, -0.905487, 0.423303, -0.0301266, -5.69647, -4.305, 15.0674)

[node name="lock_static_body2" parent="." node_paths=PackedStringArray("Connector", "TargetToSet") instance=ExtResource("22_p3pcr")]
transform = Transform3D(-0.161431, -0.0694305, -0.984438, -0.0710764, 0.99575, -0.0585734, 0.984321, 0.0605145, -0.16568, -7.74552, -5.26492, 19.5275)
script = ExtResource("24_vq4jk")
InteractMessage = "открыть левый люк"
Connector = NodePath("../door_connector")
TargetToSet = NodePath("../door_target_2")

[node name="lock_static_body3" parent="." node_paths=PackedStringArray("Connector", "TargetToSet") instance=ExtResource("22_p3pcr")]
transform = Transform3D(-0.00949988, 0.0019816, -0.999953, -0.0613185, 0.998115, 0.00256006, 0.998073, 0.0613395, -0.00936057, -11.4147, -5.49883, 19.1666)
script = ExtResource("24_vq4jk")
InteractMessage = "открыть правый люк"
Connector = NodePath("../door_connector2")
TargetToSet = NodePath("../door2_target2")

[node name="StaticBody3D" type="StaticBody3D" parent="."]
transform = Transform3D(0.964058, -0.265691, 0, 0.265691, 0.964058, 0, 0, 0, 1, -7.28006, -5.25103, 21.4761)

[node name="CollisionShape3D" type="CollisionShape3D" parent="StaticBody3D"]
shape = SubResource("BoxShape3D_s7pjl")

[node name="Node3D" type="Node3D" parent="."]
transform = Transform3D(1, 0, 0, 0, 1, 0, 0, 0, 1, 14.3298, -6.16645, 23.4386)

[node name="lighter5" parent="Node3D" instance=ExtResource("16_0v5sm")]
transform = Transform3D(-0.14579, 0, -0.989316, 0, 1, 0, 0.989316, 0, -0.14579, 5.13022, 2.35439, -1.43054)

[node name="room_1_static_body" parent="Node3D" instance=ExtResource("25_52ntw")]

[node name="lighter" parent="Node3D" instance=ExtResource("16_0v5sm")]
transform = Transform3D(0.0853299, 0, 0.996353, 0, 1, 0, -0.996353, 0, 0.0853299, -0.952462, 2.05818, 1.64691)

[node name="lighter6" parent="Node3D" instance=ExtResource("16_0v5sm")]
transform = Transform3D(-0.349848, 0, -0.936807, 0, 1, 0, 0.936807, 0, -0.349848, -1.65764, 3.1948, -3.37011)

[node name="Portal2" parent="Node3D" node_paths=PackedStringArray("OtherPortal") instance=ExtResource("4_mscds")]
process_physics_priority = 1
transform = Transform3D(1.667, 0, 0, 0, 1.667, 0, 0, 0, 1.667, 1.86891, 1.48669, 4.69883)
OtherPortal = NodePath("../../Portal")
CullLayer = 3

[node name="Node3D2" type="Node3D" parent="."]
transform = Transform3D(1, 0, 0, 0, 1, 0, 0, 0, 1, -10.6241, 126.897, 29.926)

[node name="room_1_static_body" parent="Node3D2" instance=ExtResource("26_8u0ec")]

[node name="Portal3" parent="Node3D2" node_paths=PackedStringArray("OtherPortal") instance=ExtResource("4_mscds")]
process_physics_priority = 1
transform = Transform3D(-1.667, 0, 5.43178e-07, 0, 1.667, 0, -5.43178e-07, 0, -1.667, -4.56069, 1.7364, 5.24647)
OtherPortal = NodePath("../../Portal2")
CullLayer = 3

[node name="lighter5" parent="Node3D2" instance=ExtResource("16_0v5sm")]
transform = Transform3D(-0.410759, 0.828472, -0.380672, -0.745367, -0.0646807, 0.663509, 0.525077, 0.556283, 0.644084, -2.5468, -0.59056, 10.5682)

[editable path="anomaly_cube_prop5"]
[editable path="anomaly_cube_prop5/anomaly_cube"]
